110105200001010016
110105200001010032
110105200001010059
110105200001010075
110105200001010091
110105200001010112
110105200001010139
110105200001010155
110105200001010171
110105200001010198
110105200001010219
110105200001010235
110105200001010251
110105200001010278
110105200001010294
110105200001010315
110105200001010331
110105200001010358
110105200001010374
110105200001010390
110105200001010411
110105200001010438
110105200001010454
110105200001010470
110105200001010497
110105200001010518
110105200001010534
110105200001010550
110105200001010577
110105200001010593
110105200001010614
110105200001010630
110105200001010657
110105200001010673
11010520000101069X
110105200001010710
110105200001010737
110105200001010753
11010520000101077X
110105200001010796
110105200001010817
110105200001010833
11010520000101085X
110105200001010876
110105200001010892
110105200001010913
11010520000101093X
110105200001010956
110105200001010972
110105200001010999
110105200001011019
110105200001011035
110105200001011051
110105200001011078
110105200001011094
110105200001011115
110105200001011131
110105200001011158
110105200001011174
110105200001011190
110105200001011211
110105200001011238
110105200001011254
110105200001011270
110105200001011297
110105200001011318
110105200001011334
110105200001011350
110105200001011377
110105200001011393
110105200001011414
110105200001011430
110105200001011457
110105200001011473
11010520000101149X
110105200001011510
110105200001011537
110105200001011553
11010520000101157X
110105200001011596
110105200001011617
110105200001011633
11010520000101165X
110105200001011676
110105200001011692
110105200001011713
11010520000101173X
110105200001011756
110105200001011772
110105200001011799
11010520000101181X
110105200001011836
110105200001011852
110105200001011879
110105200001011895
110105200001011916
110105200001011932
110105200001011959
110105200001011975
110105200001011991
110105200001012011
110105200001012038
110105200001012054
110105200001012070
110105200001012097
110105200001012118
110105200001012134
110105200001012150
110105200001012177
110105200001012193
110105200001012214
110105200001012230
110105200001012257
110105200001012273
11010520000101229X
110105200001012310
110105200001012337
110105200001012353
11010520000101237X
110105200001012396
110105200001012417
110105200001012433
11010520000101245X
110105200001012476
110105200001012492
110105200001012513
11010520000101253X
110105200001012556
110105200001012572
110105200001012599
11010520000101261X
110105200001012636
110105200001012652
110105200001012679
110105200001012695
110105200001012716
110105200001012732
110105200001012759
110105200001012775
110105200001012791
110105200001012812
110105200001012839
110105200001012855
110105200001012871
110105200001012898
110105200001012919
110105200001012935
110105200001012951
110105200001012978
110105200001012994
110105200001013014
110105200001013030
110105200001013057
110105200001013073
11010520000101309X
110105200001013110
110105200001013137
110105200001013153
11010520000101317X
110105200001013196
110105200001013217
110105200001013233
11010520000101325X
110105200001013276
110105200001013292
110105200001013313
11010520000101333X
110105200001013356
110105200001013372
110105200001013399
11010520000101341X
110105200001013436
110105200001013452
110105200001013479
110105200001013495
110105200001013516
110105200001013532
110105200001013559
110105200001013575
110105200001013591
110105200001013612
110105200001013639
110105200001013655
110105200001013671
110105200001013698
110105200001013719
110105200001013735
110105200001013751
110105200001013778
110105200001013794
110105200001013815
110105200001013831
110105200001013858
110105200001013874
110105200001013890
110105200001013911
110105200001013938
110105200001013954
110105200001013970
110105200001013997
110105200001014017
110105200001014033
11010520000101405X
110105200001014076
110105200001014092
110105200001014113
11010520000101413X
110105200001014156
110105200001014172
110105200001014199
11010520000101421X
110105200001014236
110105200001014252
110105200001014279
110105200001014295
110105200001014316
110105200001014332
110105200001014359
110105200001014375
110105200001014391
110105200001014412
110105200001014439
110105200001014455
110105200001014471
110105200001014498
110105200001014519
110105200001014535
110105200001014551
110105200001014578
110105200001014594
110105200001014615
110105200001014631
110105200001014658
110105200001014674
110105200001014690
110105200001014711
110105200001014738
110105200001014754
110105200001014770
110105200001014797
110105200001014818
110105200001014834
110105200001014850
110105200001014877
110105200001014893
110105200001014914
110105200001014930
110105200001014957
110105200001014973
11010520000101499X
11010520000101501X
110105200001015036
110105200001015052
110105200001015079
110105200001015095
110105200001015116
110105200001015132
110105200001015159
110105200001015175
110105200001015191
110105200001015212
110105200001015239
110105200001015255
110105200001015271
110105200001015298
110105200001015319
110105200001015335
110105200001015351
110105200001015378
110105200001015394
110105200001015415
110105200001015431
110105200001015458
110105200001015474
110105200001015490
110105200001015511
110105200001015538
110105200001015554
110105200001015570
110105200001015597
110105200001015618
110105200001015634
110105200001015650
110105200001015677
110105200001015693
110105200001015714
110105200001015730
110105200001015757
110105200001015773
11010520000101579X
110105200001015810
110105200001015837
110105200001015853
11010520000101587X
110105200001015896
110105200001015917
110105200001015933
11010520000101595X
110105200001015976
110105200001015992
110105200001016012
110105200001016039
110105200001016055
110105200001016071
110105200001016098
110105200001016119
110105200001016135
110105200001016151
110105200001016178
110105200001016194
110105200001016215
110105200001016231
110105200001016258
110105200001016274
110105200001016290
110105200001016311
110105200001016338
110105200001016354
110105200001016370
110105200001016397
110105200001016418
110105200001016434
110105200001016450
110105200001016477
110105200001016493
110105200001016514
110105200001016530
110105200001016557
110105200001016573
11010520000101659X
110105200001016610
110105200001016637
110105200001016653
11010520000101667X
110105200001016696
110105200001016717
110105200001016733
11010520000101675X
110105200001016776
110105200001016792
110105200001016813
11010520000101683X
110105200001016856
110105200001016872
110105200001016899
11010520000101691X
110105200001016936
110105200001016952
110105200001016979
110105200001016995
110105200001017015
110105200001017031
110105200001017058
110105200001017074
110105200001017090
110105200001017111
110105200001017138
110105200001017154
110105200001017170
110105200001017197
110105200001017218
110105200001017234
110105200001017250
110105200001017277
110105200001017293
110105200001017314
110105200001017330
110105200001017357
110105200001017373
11010520000101739X
110105200001017410
110105200001017437
110105200001017453
11010520000101747X
110105200001017496
110105200001017517
110105200001017533
11010520000101755X
110105200001017576
110105200001017592
110105200001017613
11010520000101763X
110105200001017656
110105200001017672
110105200001017699
11010520000101771X
110105200001017736
110105200001017752
110105200001017779
110105200001017795
110105200001017816
110105200001017832
110105200001017859
110105200001017875
110105200001017891
110105200001017912
110105200001017939
110105200001017955
110105200001017971
110105200001017998
110105200001018018
110105200001018034
110105200001018050
110105200001018077
110105200001018093
110105200001018114
110105200001018130
110105200001018157
110105200001018173
11010520000101819X
110105200001018210
110105200001018237
110105200001018253
11010520000101827X
110105200001018296
110105200001018317
110105200001018333
11010520000101835X
110105200001018376
110105200001018392
110105200001018413
11010520000101843X
110105200001018456
110105200001018472
110105200001018499
11010520000101851X
110105200001018536
110105200001018552
110105200001018579
110105200001018595
110105200001018616
110105200001018632
110105200001018659
110105200001018675
110105200001018691
110105200001018712
110105200001018739
110105200001018755
110105200001018771
110105200001018798
110105200001018819
110105200001018835
110105200001018851
110105200001018878
110105200001018894
110105200001018915
110105200001018931
110105200001018958
110105200001018974
110105200001018990
110105200001019010
110105200001019037
110105200001019053
11010520000101907X
110105200001019096
110105200001019117
110105200001019133
11010520000101915X
110105200001019176
110105200001019192
110105200001019213
11010520000101923X
110105200001019256
110105200001019272
110105200001019299
11010520000101931X
110105200001019336
110105200001019352
110105200001019379
110105200001019395
110105200001019416
110105200001019432
110105200001019459
110105200001019475
110105200001019491
110105200001019512
110105200001019539
110105200001019555
110105200001019571
110105200001019598
110105200001019619
110105200001019635
110105200001019651
110105200001019678
110105200001019694
110105200001019715
110105200001019731
110105200001019758
110105200001019774
110105200001019790
110105200001019811
110105200001019838
110105200001019854
110105200001019870
110105200001019897
110105200001019918
110105200001019934
110105200001019950
110105200001019977
110105200001019993
